K = 1, BM25 = 0.6961832061068702, ST-DU = 0.6442748091603053, ST-P = 0.6320610687022901, Hybrid-DU = 0.7099236641221374, Hybrid-P = 0.7068702290076336

K = 3, BM25 = 0.5689567430025451, ST-DU = 0.5104325699745559, ST-P = 0.5017811704834617, Hybrid-DU = 0.5852417302798989, Hybrid-P = 0.5862595419847333

K = 5, BM25 = 0.46900763358778624, ST-DU = 0.42259541984732774, ST-P = 0.41190839694656445, Hybrid-DU = 0.4854961832061067, Hybrid-P = 0.4876335877862596

K = 10, BM25 = 0.3164885496183198, ST-DU = 0.29099236641221343, ST-P = 0.2887022900763356, Hybrid-DU = 0.3296183206106862, Hybrid-P = 0.33648854961831987

