K = 1, BM25 = 0.8977099236641222, ST-DU = 0.6717557251908397, ST-P = 0.6366412213740458, Hybrid-DU = 0.9129770992366413, Hybrid-P = 0.9114503816793893

K = 3, BM25 = 0.32569974554707626, ST-DU = 0.27022900763358876, ST-P = 0.261068702290077, Hybrid-DU = 0.32875318066158016, Hybrid-P = 0.32773536895674554

K = 5, BM25 = 0.1981679389312995, ST-DU = 0.16854961832061227, ST-P = 0.1658015267175588, Hybrid-DU = 0.19877862595420023, Hybrid-P = 0.19847328244274987

K = 10, BM25 = 0.0995419847328253, ST-DU = 0.08824427480916115, ST-P = 0.08793893129771076, Hybrid-DU = 0.09969465648855048, Hybrid-P = 0.09969465648855048

